t = 3;
x0= 10;
v0= 15;
a = -9.84;
x = x0+v0*t+1/2*a*t^2